image: q_lab.pgm
resolution: 0.050000
origin: [-45.184814, -55.279639, 0.000000]
negate: 0
occupied_thresh: 0.65
free_thresh: 0.196

