image: qlab_with_garage_finsih_trajectory.pgm
resolution: 0.050000
origin: [-41.979672, -52.007343, 0.000000]
negate: 0
occupied_thresh: 0.65
free_thresh: 0.196

